001111111111110011110000000000000000000000000000000000000000000000000000000000000000000000000000
111100111111111111001111000000000000000000000000000000000000000000000000000000000000000000000000
000000000000000000000000100111111111111001110000100111110000000000000000000000000000000000000000
000000000000000000000000100111111111111001110000110011110000000000000000000000000000000000000000
000000000000000000000000100111111111111001110000111001110000000000000000000000000000000000000000
000000000000000000000000100111111111111001110000111100110000000000000000000000000000000000000000
000000000000000000000000110011111111111100110000100111110000000000000000000000000000000000000000
000000000000000000000000110011111111111100110000110011110000000000000000000000000000000000000000
000000000000000000000000110011111111111100110000111001110000000000000000000000000000000000000000
000000000000000000000000110011111111111100110000111100110000000000000000000000000000000000000000
000000000000000000000000111001111111111110010000100111110000000000000000000000000000000000000000
000000000000000000000000111001111111111110010000110011110000000000000000000000000000000000000000
000000000000000000000000111001111111111110010000111001110000000000000000000000000000000000000000
000000000000000000000000111001111111111110010000111100110000000000000000000000000000000000000000
000000000000000000000000111100111111111111000000100111110000000000000000000000000000000000000000
000000000000000000000000111100111111111111000000110011110000000000000000000000000000000000000000
000000000000000000000000111100111111111111000000111001110000000000000000000000000000000000000000
000000000000000000000000111100111111111111000000111100110000000000000000000000000000000000000000
000000000000000000000000000010011111111111100000100111111111000000000000000000000000000000000000
000000000000000000000000000010011111111111100000110011111111000000000000000000000000000000000000
000000000000000000000000000010011111111111100000111001111111000000000000000000000000000000000000
000000000000000000000000000010011111111111100000111100111111000000000000000000000000000000000000
000000000000000000000000000011001111111111110000100111111111000000000000000000000000000000000000
000000000000000000000000000011001111111111110000110011111111000000000000000000000000000000000000
000000000000000000000000000011001111111111110000111001111111000000000000000000000000000000000000
000000000000000000000000000011001111111111110000111100111111000000000000000000000000000000000000
000000000000000000000000000011100111111111110000100111111111000000000000000000000000000000000000
000000000000000000000000000011100111111111110000110011111111000000000000000000000000000000000000
000000000000000000000000000011100111111111110000111001111111000000000000000000000000000000000000
000000000000000000000000000011100111111111110000111100111111000000000000000000000000000000000000
000000000000000000000000000011110011111111110000100111111111000000000000000000000000000000000000
000000000000000000000000000011110011111111110000110011111111000000000000000000000000000000000000
000000000000000000000000000011110011111111110000111001111111000000000000000000000000000000000000
000000000000000000000000000011110011111111110000111100111111000000000000000000000000000000000000
000000000000000000000000000010011111111111100111111100001001000000000000000000000000000000000000
000000000000000000000000000010011111111111100111111100001100000000000000000000000000000000000000
000000000000000000000000000010011111111111100111111100001110000000000000000000000000000000000000
000000000000000000000000000010011111111111100111111100001111000000000000000000000000000000000000
000000000000000000000000000011001111111111110011111100001001000000000000000000000000000000000000
000000000000000000000000000011001111111111110011111100001100000000000000000000000000000000000000
000000000000000000000000000011001111111111110011111100001110000000000000000000000000000000000000
000000000000000000000000000011001111111111110011111100001111000000000000000000000000000000000000
000000000000000000000000000011100111111111111001111100001001000000000000000000000000000000000000
000000000000000000000000000011100111111111111001111100001100000000000000000000000000000000000000
000000000000000000000000000011100111111111111001111100001110000000000000000000000000000000000000
000000000000000000000000000011100111111111111001111100001111000000000000000000000000000000000000
000000000000000000000000000011110011111111111100111100001001000000000000000000000000000000000000
000000000000000000000000000011110011111111111100111100001100000000000000000000000000000000000000
000000000000000000000000000011110011111111111100111100001110000000000000000000000000000000000000
000000000000000000000000000011110011111111111100111100001111000000000000000000000000000000000000
000000000000000000000000000000001001111111110000100111111111111000000000000000000000000000000000
000000000000000000000000000000001001111111110000110011111111111100000000000000000000000000000000
000000000000000000000000000000001001111111110000111001111111111100000000000000000000000000000000
000000000000000000000000000000001001111111110000111100111111111100000000000000000000000000000000
000000000000000000000000000000001100111111110000100111111111111000000000000000000000000000000000
000000000000000000000000000000001100111111110000110011111111111100000000000000000000000000000000
000000000000000000000000000000001100111111110000111001111111111100000000000000000000000000000000
000000000000000000000000000000001100111111110000111100111111111100000000000000000000000000000000
000000000000000000000000000000001110011111110000100111111111111000000000000000000000000000000000
000000000000000000000000000000001110011111110000110011111111111100000000000000000000000000000000
000000000000000000000000000000001110011111110000111001111111111100000000000000000000000000000000
000000000000000000000000000000001110011111110000111100111111111100000000000000000000000000000000
000000000000000000000000000000001111001111110000100111111111111000000000000000000000000000000000
000000000000000000000000000000001111001111110000110011111111111100000000000000000000000000000000
000000000000000000000000000000001111001111110000111001111111111100000000000000000000000000000000
000000000000000000000000000000001111001111110000111100111111111100000000000000000000000000000000
000000000000000000000000000000001001111111111110011100001001111100000000000000000000000000000000
000000000000000000000000000000001001111111111110011100001100111100000000000000000000000000000000
000000000000000000000000000000001001111111111110011100001110011100000000000000000000000000000000
000000000000000000000000000000001001111111111110011100001111001100000000000000000000000000000000
000000000000000000000000000000001100111111111111001100001001111100000000000000000000000000000000
000000000000000000000000000000001100111111111111001100001100111100000000000000000000000000000000
000000000000000000000000000000001100111111111111001100001110011100000000000000000000000000000000
000000000000000000000000000000001100111111111111001100001111001100000000000000000000000000000000
000000000000000000000000000000001110011111111111100100001001111100000000000000000000000000000000
000000000000000000000000000000001110011111111111100100001100111100000000000000000000000000000000
000000000000000000000000000000001110011111111111100100001110011100000000000000000000000000000000
000000000000000000000000000000001110011111111111100100001111001100000000000000000000000000000000
000000000000000000000000000000001111001111111111110000001001111100000000000000000000000000000000
000000000000000000000000000000001111001111111111110000001100111100000000000000000000000000000000
000000000000000000000000000000001111001111111111110000001110011100000000000000000000000000000000
000000000000000000000000000000001111001111111111110000001111001100000000000000000000000000000000
000000000000000000000000000000000000100111110000100111111111111001110000000000000000000000000000
000000000000000000000000000000000000100111110000110011111111111100110000000000000000000000000000
000000000000000000000000000000000000100111110000111001111111111110010000000000000000000000000000
000000000000000000000000000000000000100111110000111100111111111111000000000000000000000000000000
000000000000000000000000000000000000110011110000100111111111111001110000000000000000000000000000
000000000000000000000000000000000000110011110000110011111111111100110000000000000000000000000000
000000000000000000000000000000000000110011110000111001111111111110010000000000000000000000000000
000000000000000000000000000000000000110011110000111100111111111111000000000000000000000000000000
000000000000000000000000000000000000111001110000100111111111111001110000000000000000000000000000
000000000000000000000000000000000000111001110000110011111111111100110000000000000000000000000000
000000000000000000000000000000000000111001110000111001111111111110010000000000000000000000000000
000000000000000000000000000000000000111001110000111100111111111111000000000000000000000000000000
000000000000000000000000000000000000111100110000100111111111111001110000000000000000000000000000
000000000000000000000000000000000000111100110000110011111111111100110000000000000000000000000000
000000000000000000000000000000000000111100110000111001111111111110010000000000000000000000000000
000000000000000000000000000000000000111100110000111100111111111111000000000000000000000000000000
000000000000000000000000000000000000100111111111111000001001111111110000000000000000000000000000
000000000000000000000000000000000000100111111111111000001100111111110000000000000000000000000000
000000000000000000000000000000000000100111111111111000001110011111110000000000000000000000000000
000000000000000000000000000000000000100111111111111000001111001111110000000000000000000000000000
000000000000000000000000000000000000110011111111111100001001111111110000000000000000000000000000
000000000000000000000000000000000000110011111111111100001100111111110000000000000000000000000000
000000000000000000000000000000000000110011111111111100001110011111110000000000000000000000000000
000000000000000000000000000000000000110011111111111100001111001111110000000000000000000000000000
000000000000000000000000000000000000111001111111111100001001111111110000000000000000000000000000
000000000000000000000000000000000000111001111111111100001100111111110000000000000000000000000000
000000000000000000000000000000000000111001111111111100001110011111110000000000000000000000000000
000000000000000000000000000000000000111001111111111100001111001111110000000000000000000000000000
000000000000000000000000000000000000111100111111111100001001111111110000000000000000000000000000
000000000000000000000000000000000000111100111111111100001100111111110000000000000000000000000000
000000000000000000000000000000000000111100111111111100001110011111110000000000000000000000000000
000000000000000000000000000000000000111100111111111100001111001111110000000000000000000000000000
000000000000000000000000000000000000000010011111111100001001111111111110000000000000000000000000
000000000000000000000000000000000000000010011111111100001100111111111111000000000000000000000000
000000000000000000000000000000000000000010011111111100001110011111111111000000000000000000000000
000000000000000000000000000000000000000010011111111100001111001111111111000000000000000000000000
000000000000000000000000000000000000000011001111111100001001111111111110000000000000000000000000
000000000000000000000000000000000000000011001111111100001100111111111111000000000000000000000000
000000000000000000000000000000000000000011001111111100001110011111111111000000000000000000000000
000000000000000000000000000000000000000011001111111100001111001111111111000000000000000000000000
000000000000000000000000000000000000000011100111111100001001111111111110000000000000000000000000
000000000000000000000000000000000000000011100111111100001100111111111111000000000000000000000000
000000000000000000000000000000000000000011100111111100001110011111111111000000000000000000000000
000000000000000000000000000000000000000011100111111100001111001111111111000000000000000000000000
000000000000000000000000000000000000000011110011111100001001111111111110000000000000000000000000
000000000000000000000000000000000000000011110011111100001100111111111111000000000000000000000000
000000000000000000000000000000000000000011110011111100001110011111111111000000000000000000000000
000000000000000000000000000000000000000011110011111100001111001111111111000000000000000000000000
000000000000000000000000000000000000000000001001111100001001111111111110011100000000000000000000
000000000000000000000000000000000000000000001001111100001100111111111111001100000000000000000000
000000000000000000000000000000000000000000001001111100001110011111111111100100000000000000000000
000000000000000000000000000000000000000000001001111100001111001111111111110000000000000000000000
000000000000000000000000000000000000000000001100111100001001111111111110011100000000000000000000
000000000000000000000000000000000000000000001100111100001100111111111111001100000000000000000000
000000000000000000000000000000000000000000001100111100001110011111111111100100000000000000000000
000000000000000000000000000000000000000000001100111100001111001111111111110000000000000000000000
000000000000000000000000000000000000000000001110011100001001111111111110011100000000000000000000
000000000000000000000000000000000000000000001110011100001100111111111111001100000000000000000000
000000000000000000000000000000000000000000001110011100001110011111111111100100000000000000000000
000000000000000000000000000000000000000000001110011100001111001111111111110000000000000000000000
000000000000000000000000000000000000000000001111001100001001111111111110011100000000000000000000
000000000000000000000000000000000000000000001111001100001100111111111111001100000000000000000000
000000000000000000000000000000000000000000001111001100001110011111111111100100000000000000000000
000000000000000000000000000000000000000000001111001100001111001111111111110000000000000000000000
000000000000000000000000000000000000000000000000100111111111111001110000100111110000000000000000
000000000000000000000000000000000000000000000000100111111111111001110000110011110000000000000000
000000000000000000000000000000000000000000000000100111111111111001110000111001110000000000000000
000000000000000000000000000000000000000000000000100111111111111001110000111100110000000000000000
000000000000000000000000000000000000000000000000110011111111111100110000100111110000000000000000
000000000000000000000000000000000000000000000000110011111111111100110000110011110000000000000000
000000000000000000000000000000000000000000000000110011111111111100110000111001110000000000000000
000000000000000000000000000000000000000000000000110011111111111100110000111100110000000000000000
000000000000000000000000000000000000000000000000111001111111111110010000100111110000000000000000
000000000000000000000000000000000000000000000000111001111111111110010000110011110000000000000000
000000000000000000000000000000000000000000000000111001111111111110010000111001110000000000000000
000000000000000000000000000000000000000000000000111001111111111110010000111100110000000000000000
000000000000000000000000000000000000000000000000111100111111111111000000100111110000000000000000
000000000000000000000000000000000000000000000000111100111111111111000000110011110000000000000000
000000000000000000000000000000000000000000000000111100111111111111000000111001110000000000000000
000000000000000000000000000000000000000000000000111100111111111111000000111100110000000000000000
000000000000000000000000000000000000000000000000000010011111111111100000100111111111000000000000
000000000000000000000000000000000000000000000000000010011111111111100000110011111111000000000000
000000000000000000000000000000000000000000000000000010011111111111100000111001111111000000000000
000000000000000000000000000000000000000000000000000010011111111111100000111100111111000000000000
000000000000000000000000000000000000000000000000000011001111111111110000100111111111000000000000
000000000000000000000000000000000000000000000000000011001111111111110000110011111111000000000000
000000000000000000000000000000000000000000000000000011001111111111110000111001111111000000000000
000000000000000000000000000000000000000000000000000011001111111111110000111100111111000000000000
000000000000000000000000000000000000000000000000000011100111111111110000100111111111000000000000
000000000000000000000000000000000000000000000000000011100111111111110000110011111111000000000000
000000000000000000000000000000000000000000000000000011100111111111110000111001111111000000000000
000000000000000000000000000000000000000000000000000011100111111111110000111100111111000000000000
000000000000000000000000000000000000000000000000000011110011111111110000100111111111000000000000
000000000000000000000000000000000000000000000000000011110011111111110000110011111111000000000000
000000000000000000000000000000000000000000000000000011110011111111110000111001111111000000000000
000000000000000000000000000000000000000000000000000011110011111111110000111100111111000000000000
000000000000000000000000000000000000000000000000000010011111111111100111111100001001000000000000
000000000000000000000000000000000000000000000000000010011111111111100111111100001100000000000000
000000000000000000000000000000000000000000000000000010011111111111100111111100001110000000000000
000000000000000000000000000000000000000000000000000010011111111111100111111100001111000000000000
000000000000000000000000000000000000000000000000000011001111111111110011111100001001000000000000
000000000000000000000000000000000000000000000000000011001111111111110011111100001100000000000000
000000000000000000000000000000000000000000000000000011001111111111110011111100001110000000000000
000000000000000000000000000000000000000000000000000011001111111111110011111100001111000000000000
000000000000000000000000000000000000000000000000000011100111111111111001111100001001000000000000
000000000000000000000000000000000000000000000000000011100111111111111001111100001100000000000000
000000000000000000000000000000000000000000000000000011100111111111111001111100001110000000000000
000000000000000000000000000000000000000000000000000011100111111111111001111100001111000000000000
000000000000000000000000000000000000000000000000000011110011111111111100111100001001000000000000
000000000000000000000000000000000000000000000000000011110011111111111100111100001100000000000000
000000000000000000000000000000000000000000000000000011110011111111111100111100001110000000000000
000000000000000000000000000000000000000000000000000011110011111111111100111100001111000000000000
000000000000000000000000000000000000000000000000000000001001111111110000100111111111111000000000
000000000000000000000000000000000000000000000000000000001001111111110000110011111111111100000000
000000000000000000000000000000000000000000000000000000001001111111110000111001111111111100000000
000000000000000000000000000000000000000000000000000000001001111111110000111100111111111100000000
000000000000000000000000000000000000000000000000000000001100111111110000100111111111111000000000
000000000000000000000000000000000000000000000000000000001100111111110000110011111111111100000000
000000000000000000000000000000000000000000000000000000001100111111110000111001111111111100000000
000000000000000000000000000000000000000000000000000000001100111111110000111100111111111100000000
000000000000000000000000000000000000000000000000000000001110011111110000100111111111111000000000
000000000000000000000000000000000000000000000000000000001110011111110000110011111111111100000000
000000000000000000000000000000000000000000000000000000001110011111110000111001111111111100000000
000000000000000000000000000000000000000000000000000000001110011111110000111100111111111100000000
000000000000000000000000000000000000000000000000000000001111001111110000100111111111111000000000
000000000000000000000000000000000000000000000000000000001111001111110000110011111111111100000000
000000000000000000000000000000000000000000000000000000001111001111110000111001111111111100000000
000000000000000000000000000000000000000000000000000000001111001111110000111100111111111100000000
000000000000000000000000000000000000000000000000000000001001111111111110011100001001111100000000
000000000000000000000000000000000000000000000000000000001001111111111110011100001100111100000000
000000000000000000000000000000000000000000000000000000001001111111111110011100001110011100000000
000000000000000000000000000000000000000000000000000000001001111111111110011100001111001100000000
000000000000000000000000000000000000000000000000000000001100111111111111001100001001111100000000
000000000000000000000000000000000000000000000000000000001100111111111111001100001100111100000000
000000000000000000000000000000000000000000000000000000001100111111111111001100001110011100000000
000000000000000000000000000000000000000000000000000000001100111111111111001100001111001100000000
000000000000000000000000000000000000000000000000000000001110011111111111100100001001111100000000
000000000000000000000000000000000000000000000000000000001110011111111111100100001100111100000000
000000000000000000000000000000000000000000000000000000001110011111111111100100001110011100000000
000000000000000000000000000000000000000000000000000000001110011111111111100100001111001100000000
000000000000000000000000000000000000000000000000000000001111001111111111110000001001111100000000
000000000000000000000000000000000000000000000000000000001111001111111111110000001100111100000000
000000000000000000000000000000000000000000000000000000001111001111111111110000001110011100000000
000000000000000000000000000000000000000000000000000000001111001111111111110000001111001100000000
000000000000000000000000000000000000000000000000000000000000000000000000000000000000111111111111
000000000000000000000000000000000000000000000000000000000000000000000000000000000000000011111111
