96

10

20

10

43 44 34 48 7 26 9 36 3 39 46 32 27 39 33 37 35 2 47 32 46 9 46 38 10 29 8 10 29 40 21 29 11 2 24 17 22 22 35 17 41 38 9 25 45 6 47 43 33 46 7 43 10 49 2 22 16 24 1 24 9 0 44 43 29 21 6 6 26 11 35 10 33 29 18 42 37 34 4 9 23 7 3 47 17 15 22 48 36 45 48 37 16 16 29 11
49 50 44 39 47 13 29 5 34 16 45 47 9 48 26 0 28 7 13 28 10 38 14 19 26 30 28 26 11 11 26 37 6 40 49 38 5 19 11 22 41 2 26 48 33 50 21 12 12 22 0 13 38 6 49 18 41 4 10 21 11 2 9 2 22 24 33 5 22 29 20 3 21 42 44 18 7 33 44 19 4 37 48 1 39 27 11 39 25 32 1 4 23 42 43 32
29 28 22 21 34 8 39 32 48 29 47 6 19 35 41 32 50 40 37 33 8 13 22 32 40 24 41 49 50 11 37 0 13 32 22 20 49 39 48 19 27 2 7 16 34 25 49 48 21 46 31 3 40 4 37 16 25 13 12 49 1 29 17 44 13 12 45 48 44 31 17 27 20 13 46 32 10 49 32 30 10 42 1 16 13 23 36 1 9 25 2 0 6 44 4 2
49 0 0 41 29 14 34 9 28 48 35 6 11 45 35 32 25 22 39 2 42 50 16 33 32 20 2 12 47 42 7 23 7 19 42 12 49 14 33 27 46 30 22 35 37 26 29 41 3 2 6 28 44 11 36 26 2 42 24 26 4 9 34 43 35 1 17 15 37 48 32 48 27 16 4 16 30 1 32 33 9 15 39 3 47 39 24 12 24 7 23 11 10 16 18 0
7 27 11 2 24 31 28 38 37 0 32 18 32 27 27 22 8 25 32 13 47 25 0 50 49 10 26 46 19 9 3 48 15 47 31 44 1 28 17 18 5 32 36 2 26 9 29 13 18 11 10 20 18 50 32 45 11 32 19 22 29 43 19 23 21 49 49 37 15 15 31 48 39 15 34 1 33 19 26 33 45 7 2 50 15 31 8 10 34 24 18 47 40 41 30 34
25 22 26 27 29 36 46 37 31 25 17 8 46 16 48 44 47 26 50 34 40 14 15 6 28 46 38 27 19 7 27 32 39 41 2 2 41 31 20 42 17 1 18 39 33 37 31 22 28 12 21 40 22 44 34 36 11 49 41 12 49 16 12 43 35 22 37 42 49 48 44 2 11 29 27 4 43 36 1 25 16 12 17 9 43 33 35 2 39 7 18 33 39 7 7 20
36 4 42 19 36 1 8 9 44 10 27 25 34 22 15 18 21 13 22 30 45 16 3 16 16 8 0 35 4 2 47 32 48 17 40 0 44 18 47 25 40 39 11 24 10 0 8 23 9 9 30 23 6 40 2 25 1 34 42 43 47 49 39 39 33 9 18 43 10 24 13 1 19 39 26 0 21 46 17 23 10 31 13 9 10 35 42 47 19 40 50 7 42 24 36 31
18 27 22 21 43 17 9 49 10 17 15 7 9 29 23 5 21 27 29 35 29 44 36 37 0 38 10 39 31 29 0 42 28 10 5 48 26 18 37 8 46 38 7 44 25 32 5 2 26 35 31 21 49 14 43 4 9 21 17 35 39 47 27 27 45 40 40 16 7 30 44 20 12 14 8 41 31 45 28 16 25 17 21 15 23 37 6 42 44 47 10 45 22 27 14 10
24 6 27 1 13 34 45 13 37 48 33 29 26 43 48 49 11 0 16 11 41 11 22 7 37 4 7 8 29 36 19 41 14 8 15 43 6 13 18 17 15 7 12 2 48 40 15 14 14 44 41 1 32 32 37 20 47 20 21 6 23 50 10 24 34 7 26 12 16 48 7 3 44 15 42 42 7 8 45 33 18 1 0 6 28 24 34 41 6 35 49 3 2 5 49 13
17 9 36 11 36 44 31 32 48 8 50 7 29 19 29 39 25 20 31 21 21 15 32 0 36 17 0 20 37 49 7 47 14 34 33 24 40 18 34 9 20 28 1 21 16 49 20 37 8 11 6 22 12 5 14 40 38 37 28 45 22 11 26 40 4 0 39 8 50 20 34 8 25 33 32 33 9 7 41 35 21 5 2 38 16 26 41 16 10 12 9 12 28 48 45 15

1 0 0 1 0 0 1 0 1 1 1 0 0 0 1 0 0 0 1 0 1 0 1 1 1 0 1 0 1 1 1 0 0 0 0 1 0 1 1 0 0 1 0 1 0 0 0 0 0 0 1 0 0 1 1 1 0 1 0 0 1 1 0 1 1 0 0 1 0 0 0 0 1 0 0 0 0 0 0 0 0 0 1 0 1 1 0 0 1 0 1 0 0 0 0 0
1 0 1 1 1 0 1 0 1 1 0 1 1 1 0 0 1 0 0 0 0 0 1 1 1 0 0 1 0 1 0 1 1 1 1 0 1 0 1 1 0 0 0 0 0 0 1 0 1 1 1 0 0 1 1 1 1 1 1 0 0 1 0 1 1 0 0 0 1 1 0 0 1 1 0 0 0 0 1 0 0 0 0 1 1 1 0 1 0 0 1 0 1 1 0 1
0 1 0 0 0 0 1 0 1 0 0 1 0 0 0 0 1 1 1 0 0 1 1 1 0 0 0 0 0 1 1 1 1 0 0 1 1 1 0 1 1 0 1 1 1 0 0 0 0 1 0 1 0 1 1 1 1 0 0 1 0 0 0 0 0 1 0 1 0 1 1 0 0 0 1 0 0 0 1 0 1 1 1 1 1 0 1 1 0 1 0 1 0 1 1 0
0 0 1 0 1 1 0 1 1 0 1 1 0 1 1 0 1 0 0 1 1 1 0 1 1 1 0 0 1 0 0 1 1 1 0 0 0 1 1 1 0 1 0 0 1 0 0 0 0 0 1 1 0 1 1 0 0 1 1 0 1 1 1 0 1 1 0 1 0 1 1 1 0 1 1 0 0 1 0 1 0 0 1 0 0 0 1 0 0 1 1 0 1 0 1 1
1 0 1 1 0 0 0 0 0 1 0 1 0 1 0 1 0 1 1 1 1 0 0 1 1 1 1 0 1 0 0 0 0 1 0 1 0 0 0 0 1 0 0 0 1 1 1 1 1 0 1 0 1 1 0 1 1 1 1 0 0 0 0 1 0 1 0 0 0 1 1 0 1 1 1 0 0 0 0 1 0 0 1 1 0 1 1 1 0 1 0 0 1 1 0 0
0 0 0 1 1 1 1 1 0 0 1 0 0 1 1 0 1 0 0 1 1 1 0 0 0 1 1 1 0 0 1 1 1 1 1 1 1 0 0 0 0 1 0 1 1 1 1 1 0 0 1 0 0 1 0 1 1 1 1 1 0 0 0 1 0 0 1 0 0 0 0 0 1 1 1 0 1 0 1 1 0 1 0 0 1 1 1 1 0 0 1 1 0 1 1 0
0 1 0 1 1 0 0 0 1 0 0 0 0 0 1 1 1 1 0 0 0 1 1 0 1 1 0 0 0 1 1 0 1 0 1 0 0 1 1 0 1 1 0 1 0 1 1 0 0 0 1 1 0 0 0 1 0 1 0 1 0 1 0 0 0 0 0 0 0 1 0 1 0 1 1 0 1 0 0 1 1 0 0 1 0 1 1 1 1 1 0 1 1 0 1 1
0 1 1 1 1 0 1 1 0 1 1 1 0 0 1 0 1 0 0 1 1 1 0 0 1 0 1 1 0 1 1 0 0 1 1 0 1 1 0 0 0 1 1 0 1 1 1 0 0 0 0 0 1 1 0 1 1 0 0 0 0 1 0 1 0 0 1 1 1 0 1 0 0 0 1 1 0 1 0 0 0 0 1 0 0 0 0 0 1 0 0 1 0 0 1 1
0 1 1 0 1 1 0 1 0 0 0 1 1 1 0 0 1 0 0 0 1 1 1 0 1 0 1 1 1 1 1 0 0 0 0 0 1 0 0 1 1 0 1 1 1 0 1 1 1 0 1 1 0 0 1 1 0 1 1 0 0 0 1 0 1 0 0 1 1 0 1 1 0 0 0 1 1 0 1 1 0 0 0 0 0 1 1 0 0 0 0 0 1 0 0 1
1 1 1 1 0 1 0 0 1 1 0 0 1 1 0 1 0 0 0 0 0 1 1 0 0 0 1 1 0 1 1 0 0 0 0 0 1 1 1 1 0 0 0 0 1 1 0 1 1 0 0 1 0 0 0 0 0 1 0 1 1 0 1 0 1 0 0 1 1 1 0 0 0 0 1 1 0 0 1 1 0 0 0 0 0 1 1 0 0 0 1 0 0 0 0 1

0 0 0 1 0 0 1 0 0 0
1 1 1 0 1 1 1 0 0 0
0 0 0 1 0 1 0 1 1 0
0 1 1 1 0 0 0 1 1 1
1 0 1 1 0 0 1 1 1 0
0 0 1 1 0 0 0 0 1 1
1 0 0 0 1 0 1 1 1 1
1 1 0 0 1 0 0 0 1 0
1 0 1 0 0 0 0 1 0 1
1 1 1 1 0 1 0 1 0 0
0 0 1 0 1 1 0 1 0 0
1 0 0 1 1 1 0 1 0 1
0 0 1 1 1 1 1 1 1 1
0 1 0 0 0 1 0 1 1 0
0 0 1 0 1 0 0 0 0 1
1 0 0 0 0 0 1 1 0 0
1 0 1 1 0 1 0 0 1 0
1 0 1 1 0 1 0 1 1 0
0 1 1 0 0 0 0 1 1 0
0 0 1 1 1 1 1 0 1 0

0 1 2 0 2 2 0 0 1 1

0 2 2 2 0 2 1 0 1 2 0 0 0 1 1 1 0 0 1 2

